ptr[16b](0xff00000000710000) o ((_8,_1),_1,_4):((_1,_0),_0,_8):
-0.31 
-1.16 
-1.56 
0.42 
-0.59 
-1.15 
0.41 
1.58 
-----
2.28 
1.81 
1.38 
0.96 
0.40 
0.97 
-2.89 
0.11 
-----
-0.08 
-0.83 
-0.33 
-0.86 
-1.27 
-1.01 
-0.08 
0.59 
-----
0.63 
-0.89 
-0.99 
-1.16 
-0.24 
-0.45 
0.82 
0.97 
ptr[16b](0xff00000000710400) o ((_16,_1),_4,_4):((_1,_0),_64,_16):
0.26 -0.48 -0.39 1.02 
-0.56 0.68 -1.73 -0.30 
-0.09 0.19 -0.67 1.22 
0.28 0.90 -0.44 0.84 
0.06 0.22 0.85 -0.89 
0.02 0.01 1.13 0.78 
0.28 -1.07 -1.64 -0.68 
0.39 -0.17 0.22 -0.17 
-0.50 -1.05 -0.24 0.26 
0.88 -1.44 -0.88 2.39 
-0.01 -0.96 -1.46 -0.88 
0.42 0.25 -0.58 0.93 
-0.07 2.11 -1.78 -0.55 
-0.57 -1.38 -0.33 -0.56 
-0.51 -0.44 -0.59 0.96 
-1.70 1.38 -1.32 -0.54 
--------------------
-1.12 -2.95 -0.08 -1.29 
-0.24 -0.31 -0.08 -0.44 
0.17 0.13 0.15 1.11 
0.17 -1.66 -0.84 -2.06 
0.80 -0.24 -0.67 0.06 
2.14 0.36 -0.62 -0.77 
2.06 0.56 0.14 1.15 
1.00 -0.99 0.19 2.88 
1.02 0.42 -0.10 -0.10 
0.50 0.94 -0.20 -0.12 
-0.66 0.66 -0.56 -1.74 
-1.05 -0.08 0.43 -0.29 
0.26 -0.77 0.31 -0.86 
-0.48 0.38 -1.01 -1.09 
0.46 0.28 -1.34 -1.38 
0.30 -0.69 1.10 -0.19 
--------------------
0.03 0.47 -0.11 -1.54 
-0.75 0.01 0.98 -0.30 
0.21 0.39 1.15 1.37 
-1.03 0.96 0.26 2.09 
0.70 0.40 0.11 -1.97 
2.34 0.65 -0.08 1.36 
-1.06 1.20 -0.34 -0.71 
0.10 -0.28 -1.82 1.63 
0.43 0.13 -0.94 0.63 
-0.81 -1.54 0.53 -0.33 
0.39 -0.13 -1.48 1.37 
0.33 0.32 1.72 0.80 
0.81 -0.12 1.57 -0.63 
-1.70 0.31 1.08 0.37 
0.91 -1.12 0.43 0.18 
0.77 -1.51 -0.75 1.41 
--------------------
-0.86 -0.32 -0.91 -0.12 
-0.95 0.69 2.77 0.72 
-0.97 1.41 0.34 0.39 
1.38 -0.90 -0.95 2.72 
0.00 -0.40 -0.20 0.96 
-0.77 -0.68 -0.06 0.49 
-1.88 -0.49 -0.18 -1.46 
1.00 0.13 -1.06 0.30 
0.85 0.46 -1.59 0.20 
-0.39 0.76 0.48 0.54 
-0.93 0.14 -0.66 -0.27 
-1.00 0.32 0.24 0.98 
1.02 -1.41 1.93 -0.06 
0.02 -1.47 0.46 -0.27 
1.31 3.30 -1.01 0.52 
-1.56 1.06 -0.55 0.09 
TiledCopy
  Tiler_MN:       (_8,_16)
  TiledLayout_TV: (_16,_8):(_8,_1)
Copy_Atom
  ThrID:        _16:_1
  ValLayoutSrc: (_16,(_1,_8)):(_0,(_1,_16))
  ValLayoutDst: (_16,(_1,_8)):(_1,(_1,_16))
  ValLayoutRef: (_16,(_1,_8)):(_1,(_1,_16))
  ValueType:    16b
TiledCopy
  Tiler_MN:       (_16,_16)
  TiledLayout_TV: (_16,_16):(_16,_1)
Copy_Atom
  ThrID:        _16:_1
  ValLayoutSrc: (_16,(_1,_16)):(_0,(_1,_16))
  ValLayoutDst: (_16,(_1,_16)):(_1,(_1,_16))
  ValLayoutRef: (_16,(_1,_16)):(_1,(_1,_16))
  ValueType:    16b
Tensors are allclose.
